[[5.113 5.113 5.113 ... 3.843 3.819 3.819]
 [5.113 5.113 5.113 ... 3.843 3.819 3.819]
 [5.113 5.113 5.113 ... 3.843 3.819 3.819]
 ...
 [2.505 2.515 2.515 ... 1.27  1.27  1.27 ]
 [2.505 2.515 2.515 ... 1.27  1.27  1.27 ]
 [2.505 2.505 2.515 ... 1.268 1.268 1.268]]input:303, 183, 2.56
slove:-9.983807380719334e-05, -0.00032409356241230105, 0.00256
input:339, 183, 2.56
slove:0.00014066341454406942, -0.00032409356241230105, 0.00256
input:303, 262, 2.56
slove:-9.983807380719334e-05, 0.00020152302253068497, 0.00256
input:339, 262, 2.56
slove:0.00014066341454406942, 0.00020152302253068497, 0.00256
input:303, 183, 2.56
input:339, 183, 2.56
input:303, 262, 2.56
input:339, 262, 2.56
input:303, 183, 2.55
input:339, 183, 2.55
input:303, 262, 2.55
input:339, 262, 2.55
input:303, 183, 2.56
input:339, 183, 2.56
input:303, 262, 2.56
input:339, 262, 2.56
input:303, 183, 2.59
input:339, 183, 2.59
input:303, 262, 2.59
input:339, 262, 2.59
input:303, 183, 2.59
input:339, 183, 2.59
input:303, 262, 2.59
input:339, 262, 2.59
input:303, 183, 2.55
input:340, 183, 2.55
input:303, 263, 2.55
input:340, 263, 2.55
input:142, 138, 4751.6
input:407, 138, 4751.6
input:142, 377, 4751.6
input:407, 377, 4751.6
input:303, 183, 2.56
input:339, 183, 2.56
input:303, 262, 2.56
input:339, 262, 2.56
